50
9
0.45 0.19 0.68 0.64 0.90 0.74 0.35 0.81 0.94
0.04 0.36 0.52 0.83 0.59 0.28 0.80 0.71 0.14
10
0.64 0.09 0.91 0.67 0.82 0.36 0.03 0.85 0.73 0.15
0.21 0.33 0.70 0.97 0.27 0.30 0.42 0.76 0.06 0.18
7
0.04 0.92 0.38 0.29 0.83 0.21 0.58
0.46 0.17 0.67 0.71 0.33 0.79 0.08
10
0.017 0.632 0.590 0.137 0.060 0.897 0.991 0.214 0.872 0.521
0.350 0.291 0.222 0.239 0.128 0.803 0.094 0.709 0.205 0.726
10
0.97 0.70 0.33 0.49 0.51 0.64 0.43 0.80 0.82 0.94
0.50 0.40 0.56 0.10 0.53 0.62 0.95 0.27 0.34 0.90
6
0.63 0.83 0.37 0.30 0.97 0.20
0.40 0.50 0.73 0.17 0.23 0.67
9
0.24 0.17 0.42 0.38 0.11 0.04 0.34 0.49 0.08
0.90 0.63 0.70 0.92 0.62 0.51 0.66 0.65 0.83
10
0.53 0.91 0.72 0.62 0.88 0.31 0.06 0.56 0.41 0.12
0.66 0.25 0.19 0.44 0.94 0.09 0.38 0.81 0.34 0.75
10
0.211 0.789 0.541 0.917 0.991 0.963 0.505 0.294 0.771 0.972
0.330 0.349 0.404 0.899 0.367 0.239 0.193 0.018 0.422 0.174
1
0.1
0.3
10
0.171 0.133 0.848 0.124 0.162 0.781 0.695 0.295 0.638 0.514
0.210 0.838 0.962 0.686 0.067 0.590 0.886 0.429 0.143 0.200
10
0.796 0.343 0.611 0.491 0.750 0.907 0.556 0.009 0.111 0.722
0.519 0.083 0.028 0.380 0.370 0.694 0.843 0.093 0.444 0.620
3
0.07 0.10 0.17
0.13 0.60 0.47
1
0.8
0.4
4
0.08 0.25 0.46 0.29
0.79 0.50 0.54 0.58
8
0.88 0.60 0.48 0.80 0.56 0.76 0.68 0.96
0.40 0.24 0.44 0.20 0.08 0.04 0.16 0.36
10
0.94 0.46 0.54 0.79 0.23 0.17 0.66 0.30 0.43 0.33
0.59 0.16 0.31 0.47 0.51 0.81 0.97 0.10 0.49 0.71
9
0.25 0.14 0.82 0.04 0.50 0.61 0.98 0.22 0.40
0.59 0.24 0.36 0.83 0.76 0.71 0.73 0.07 0.52
5
0.62 0.71 0.54 0.83 0.67
0.25 0.29 0.17 0.42 0.04
10
0.19 0.22 0.42 0.15 0.21 0.45 0.01 0.03 0.07 0.31
0.67 0.79 0.49 0.51 0.76 0.58 0.91 0.87 0.78 0.70
6
0.63 0.56 0.74 0.26 0.48 0.93
0.07 0.11 0.19 0.67 0.85 0.96
8
0.91 0.98 0.58 0.89 0.08 0.21 0.23 0.06
0.72 0.94 0.83 0.74 0.51 0.04 0.15 0.49
10
0.605 0.360 0.939 0.921 0.298 0.535 0.798 0.509 0.009 0.228
0.614 0.368 0.140 0.281 0.789 0.667 0.816 0.825 0.254 0.930
2
0.27 0.55
0.64 0.36
3
0.60 0.47 0.40
0.67 0.07 0.33
10
0.52 0.84 0.57 0.48 0.98 0.54 0.51 0.89 0.50 0.93
0.01 0.21 0.29 0.10 0.15 0.13 0.34 0.12 0.16 0.38
3
0.50 0.15 0.45
0.80 0.90 0.95
10
0.06 0.13 0.60 0.08 0.20 0.65 0.92 0.63 0.68 0.07
0.46 0.83 0.69 0.82 0.88 0.17 0.89 0.43 0.77 0.39
10
0.65 0.54 0.83 0.78 0.81 0.74 0.93 0.59 0.70 0.98
0.39 0.04 0.30 0.17 0.19 0.31 0.43 0.44 0.09 0.52
10
0.13 0.21 0.60 0.57 0.50 0.53 0.64 0.67 0.44 0.56
0.76 0.34 0.11 0.01 0.84 0.14 0.19 0.63 0.83 0.43
10
0.91 0.84 0.62 0.34 0.26 0.96 0.66 0.18 0.42 0.70
0.35 0.22 0.16 0.38 0.43 0.51 0.74 0.20 0.81 0.89
10
0.78 0.57 0.48 0.68 0.99 0.47 0.16 0.45 0.73 0.36
0.92 0.95 0.29 0.42 0.65 0.88 0.79 0.40 0.74 0.21
10
0.86 0.79 0.31 0.56 0.61 0.62 0.57 0.81 0.51 0.13
0.75 0.38 0.50 0.07 0.67 0.72 0.24 0.10 0.11 0.94
10
0.88 0.56 0.92 0.89 0.94 0.77 0.81 0.98 0.91 0.78
0.22 0.20 0.41 0.47 0.38 0.17 0.08 0.27 0.11 0.39
10
0.77 0.79 0.62 0.81 0.96 0.85 0.64 0.40 0.66 0.83
0.23 0.19 0.13 0.09 0.32 0.30 0.38 0.17 0.36 0.21
7
0.39 0.24 0.97 0.37 0.63 0.14 0.98
0.44 0.56 0.64 0.10 0.53 0.19 0.71
8
0.48 0.10 0.40 0.45 0.54 0.18 0.09 0.17
0.69 0.80 0.93 0.60 0.96 0.71 0.58 0.81
9
0.30 0.79 0.50 0.46 0.85 0.76 0.82 0.69 0.89
0.27 0.18 0.25 0.99 0.22 0.86 0.52 0.04 0.87
8
0.61 0.85 0.41 0.47 0.54 0.95 0.99 0.51
0.30 0.12 0.24 0.11 0.19 0.14 0.06 0.23
1
0.91
0.73
10
0.463 0.194 0.935 0.639 0.472 0.407 0.426 0.185 0.231 0.324
0.565 0.648 0.120 0.778 0.769 0.056 0.380 0.222 0.481 0.019
1
0.5
0.8
6
0.59 0.88 0.29 0.65 0.41 0.06
0.76 0.82 0.47 0.18 0.71 0.35
10
0.33 0.15 0.19 0.30 0.04 0.74 0.48 0.78 0.81 0.41
0.89 0.52 0.96 0.37 0.59 0.63 0.44 0.11 0.85 0.07
3
0.39 0.25 0.14
0.71 0.96 0.46
3
0.82 0.14 0.91
0.64 0.05 0.45
7
0.21 0.61 0.92 0.24 0.91 0.80 0.70
0.08 0.33 0.37 0.14 0.32 0.46 0.79
10
0.48 0.75 0.70 0.66 0.14 0.84 0.23 0.36 0.16 0.05
0.34 0.98 0.59 0.50 0.57 0.20 0.73 0.09 0.77 0.25
3
0.32 0.52 0.29
0.90 0.55 0.42
10
0.73 0.74 0.65 0.51 0.66 0.87 0.62 0.55 0.79 0.85
0.33 0.12 0.29 0.45 0.02 0.08 0.34 0.19 0.24 0.13
